0.04
0.71
0.00
0.07
0.79
0.01
0.10
0.96
0.04
0.20
2.77
0.20
0.30
5.11
0.43
0.40
6.17
0.28
0.50
6.22
0.02
0.60
6.22
0.00
0.70
6.25
0.01
0.80
6.51
0.15
0.90
6.90
0.25
1.00
7.37
0.34
1.10
7.92
0.43
1.20
8.52
0.52
1.30
9.18
0.62
1.40
9.89
0.72
1.60
11.44
0.87
1.80
13.13
1.08
2.00
14.90
1.26
2.20
16.71
1.43
2.40
18.51
1.55
2.60
20.26
1.64
2.80
21.96
1.72
3.00
23.58
1.76
3.20
25.11
1.78
3.40
26.56
1.80
3.60
27.94
1.81
3.80
29.24
1.81
4.00
30.47
1.80
4.30
32.20
1.80
4.60
33.82
1.81
5.00
35.84
1.82
5.30
37.28
1.86
5.60
38.67
1.90
6.00
40.46
1.95
6.50
42.63
2.04
7.00
44.77
2.17
7.50
46.89
2.31
8.00
49.02
2.48
8.50
51.16
2.65
9.00
53.30
2.81
10.00
57.49
2.99
11.00
61.49
3.15
12.00
65.25
3.25
13.00
68.75
3.29
14.00
71.94
3.24
15.00
74.84
3.16
16.00
77.43
3.02
17.00
79.73
2.85
18.00
81.78
2.70
19.00
83.58
2.50
20.00
85.17
2.33
21.00
86.59
2.19
22.00
87.86
2.05
23.00
89.01
1.94
25.00
90.98
1.78
28.00
93.34
1.57
30.00
94.60
1.37
32.00
95.68
1.26
34.00
96.60
1.14
36.00
97.37
1.01
38.00
98.01
0.89
40.00
98.54
0.78
43.00
99.14
0.62
45.00
99.43
0.48
50.00
99.83
0.29
53.00
99.94
0.14
56.00
100.00
0.08
60.00
100.00
0.00
63.00
100.00
0.00
66.00
100.00
0.00
71.00
100.00
0.00
75.00
100.00
0.00
80.00
100.00
0.00
85.00
100.00
0.00
90.00
100.00
0.00
95.00
100.00
0.00
100.0
100.00
0.00
112.0
100.00
0.00
125.0
100.00
0.00
130.0
100.00
0.00
140.0
100.00
0.00
150.0
100.00
0.00
160.0
100.00
0.00
170.0
100.00
0.00
180.0
100.00
0.00
190.0
100.00
0.00
200.0
100.00
0.00
212.0
100.00
0.00
224.0
100.00
0.00
240.0
100.00
0.00
250.0
100.00
0.00
280.0
100.00
0.00
300.0
100.00
0.00
315.0
100.00
0.00
355.0
100.00
0.00
400.0
100.00
0.00
425.0
100.00
0.00
450.0
100.00
0.00
500.0
100.00
0.00